1666270037248 0.7318915796380688 0
1666270085818 0.11281047909707732 1
1666270134086 0.04769723252201629 2
1666270182823 0.029669003916571395 3
1666270231453 0.025071253246891585 4
1666270279817 0.019015283259556384 5
1666270328701 0.01584430232860563 6
1666270377065 0.01561521316177187 7
1666270426137 0.018177016372769927 8
1666270474901 0.020974633539239493 9
1666270523502 0.016473934570897044 10
1666270571822 0.01431328116309178 11
1666270620618 0.014324035941590454 12
1666270669524 0.0135686807576252 13
1666270718275 0.014016778478826339 14
1666270766877 0.013846790525663436 15
1666270814946 0.01279941048652133 16
1666270863506 0.01490957889133992 17
1666270912308 0.016433583220724045 18
1666270960792 0.012134322530400116 19
1666271008939 0.013325063928789956 20
1666271057971 0.015287783852292468 21
1666271106839 0.01340671403531507 22
1666271155679 0.01263611780025137 23
1666271204457 0.011809950311652433 24
1666271253234 0.013954911377059958 25
1666271301647 0.013636782542353081 26
1666271350722 0.011393401861766687 27
1666271399524 0.010649849915229794 28
1666271448368 0.01217861982292471 29
1666271497169 0.0114102030779544 30
1666271545816 0.012045395152720462 31
1666271594341 0.011313760137746057 32
1666271643139 0.010306538811030169 33
1666271691650 0.010466210765664896 34
1666271740556 0.009455377114237653 35
1666271789161 0.007792423528869418 36
1666271837821 0.011216658134340056 37
1666271886321 0.009778924026408965 38
1666272007025 0.009244793188841631 39
1666272058172 0.009547887616914857 40
1666272107140 0.009170312915881306 41
1666272155535 0.008523811130687486 42
1666272204446 0.01041597197594904 43
1666272253276 0.008193539042300916 44
1666272301834 0.00843555219392529 45
1666272350852 0.007855018972000782 46
1666272399636 0.008012010267153202 47
1666272448099 0.00887797357058987 48
1666272497050 0.009707562407199744 49
1666272545965 0.00839122658446971 50
1666272594761 0.0076706000371468555 51
1666272643469 0.008948997053493618 52
1666272692365 0.006353931481212594 53
1666272741143 0.007417692285319723 54
1666272789937 0.007288458678176847 55
1666272838626 0.008157474891965888 56
1666272887489 0.009368582508315283 57
1666272936225 0.007725311302049041 58
1666272985423 0.008139037518167353 59
1666273034647 0.010402967337047658 60
1666273083969 0.008751022054410154 61
1666273132752 0.009167325102270876 62
1666273182402 0.00873567823167094 63
1666273231562 0.006605064817387792 64
1666273280334 0.007980555977482456 65
1666273329603 0.006957502590249414 66
