1666270037248 7.685811996459961 0
1666270085818 6.90405797958374 1
1666270134086 5.794161796569824 2
1666270182823 5.538488864898682 3
1666270231453 5.622501850128174 4
1666270279817 5.342049598693848 5
1666270328701 5.482575416564941 6
1666270377065 5.075257778167725 7
1666270426137 5.078373908996582 8
1666270474901 4.215637683868408 9
1666270523502 4.598186492919922 10
1666270571822 4.320644378662109 11
1666270620618 3.8792672157287598 12
1666270669524 3.532226324081421 13
1666270718275 3.732858419418335 14
1666270766877 3.568938732147217 15
1666270814946 3.7208447456359863 16
1666270863506 3.4854047298431396 17
1666270912308 2.976635694503784 18
1666270960792 3.2476372718811035 19
1666271008939 3.244769811630249 20
1666271057971 3.2602455615997314 21
1666271106839 3.1433019638061523 22
1666271155679 3.2541675567626953 23
1666271204457 3.0748867988586426 24
1666271253234 2.8845367431640625 25
1666271301647 3.16389536857605 26
1666271350722 3.246863842010498 27
1666271399524 2.8742332458496094 28
1666271448368 3.073695182800293 29
1666271497169 3.2337775230407715 30
1666271545816 2.961378574371338 31
1666271594341 2.8732805252075195 32
1666271643139 3.2841219902038574 33
1666271691650 3.0541787147521973 34
1666271740556 3.0433945655822754 35
1666271789161 3.0909805297851562 36
1666271837821 2.8810360431671143 37
1666271886321 2.9753565788269043 38
1666272007025 3.104591131210327 39
1666272058172 3.1667122840881348 40
1666272107140 2.9141650199890137 41
1666272155535 2.942756175994873 42
1666272204446 2.8779897689819336 43
1666272253276 2.964932918548584 44
1666272301834 2.9452903270721436 45
1666272350852 2.9900670051574707 46
1666272399636 3.0221385955810547 47
1666272448099 2.824033737182617 48
1666272497050 2.8610873222351074 49
1666272545965 3.060673952102661 50
1666272594761 3.1455135345458984 51
1666272643469 2.990414619445801 52
1666272692365 3.1401848793029785 53
1666272741143 2.570981502532959 54
1666272789937 3.0894317626953125 55
1666272838626 2.61944580078125 56
1666272887489 3.050772190093994 57
1666272936225 2.9103500843048096 58
1666272985423 2.87392258644104 59
1666273034647 2.93013596534729 60
1666273083969 3.191622495651245 61
1666273132752 2.736217975616455 62
1666273182402 2.533350944519043 63
1666273231562 3.1947247982025146 64
1666273280334 3.076932907104492 65
1666273329603 3.0678532123565674 66
