1666270037248 6.373757839202881 0
1666270085818 2.5163116455078125 1
1666270134086 2.2154250144958496 2
1666270182823 1.5546706914901733 3
1666270231453 1.4847545623779297 4
1666270279817 1.549292802810669 5
1666270328701 1.409273624420166 6
1666270377065 1.5055333375930786 7
1666270426137 1.3705614805221558 8
1666270474901 1.4609380960464478 9
1666270523502 1.3650171756744385 10
1666270571822 1.3171775341033936 11
1666270620618 1.446130394935608 12
1666270669524 1.5990781784057617 13
1666270718275 1.3286364078521729 14
1666270766877 1.3870407342910767 15
1666270814946 1.5818250179290771 16
1666270863506 1.284643530845642 17
1666270912308 1.343023657798767 18
1666270960792 1.1764347553253174 19
1666271008939 1.2398349046707153 20
1666271057971 1.2209932804107666 21
1666271106839 1.3899335861206055 22
1666271155679 1.1635730266571045 23
1666271204457 1.284265398979187 24
1666271253234 1.3897899389266968 25
1666271301647 1.1954104900360107 26
1666271350722 1.2229629755020142 27
1666271399524 1.3358089923858643 28
1666271448368 1.5170289278030396 29
1666271497169 1.1506516933441162 30
1666271545816 1.3890022039413452 31
1666271594341 1.3332419395446777 32
1666271643139 1.3875620365142822 33
1666271691650 1.18144953250885 34
1666271740556 1.3894304037094116 35
1666271789161 1.2101037502288818 36
1666271837821 1.2883450984954834 37
1666271886321 1.2321943044662476 38
1666272007025 1.2322195768356323 39
1666272058172 1.2929333448410034 40
1666272107140 1.2860010862350464 41
1666272155535 1.314802885055542 42
1666272204446 1.1935229301452637 43
1666272253276 1.1315927505493164 44
1666272301834 1.116520881652832 45
1666272350852 1.228173017501831 46
1666272399636 1.1520389318466187 47
1666272448099 1.1627591848373413 48
1666272497050 1.298963189125061 49
1666272545965 1.1454992294311523 50
1666272594761 1.1347808837890625 51
1666272643469 1.1070185899734497 52
1666272692365 1.124446153640747 53
1666272741143 1.3863122463226318 54
1666272789937 1.138582468032837 55
1666272838626 1.2187317609786987 56
1666272887489 1.1464142799377441 57
1666272936225 1.2207956314086914 58
1666272985423 1.1632732152938843 59
1666273034647 1.1387407779693604 60
1666273083969 1.1132988929748535 61
1666273132752 1.2214305400848389 62
1666273182402 1.5211069583892822 63
1666273231562 1.1191753149032593 64
1666273280334 1.180053472518921 65
1666273329603 1.155416488647461 66
