1666270037248 6.339871406555176 0
1666270085818 3.945516586303711 1
1666270134086 3.721836805343628 2
1666270182823 3.389150857925415 3
1666270231453 3.1968472003936768 4
1666270279817 3.2008612155914307 5
1666270328701 3.3594069480895996 6
1666270377065 2.9738035202026367 7
1666270426137 2.89146089553833 8
1666270474901 2.764619827270508 9
1666270523502 2.477996587753296 10
1666270571822 2.431875705718994 11
1666270620618 2.3489394187927246 12
1666270669524 2.167587995529175 13
1666270718275 2.0714831352233887 14
1666270766877 2.050682544708252 15
1666270814946 1.9618091583251953 16
1666270863506 1.837357759475708 17
1666270912308 1.8345458507537842 18
1666270960792 1.6850106716156006 19
1666271008939 1.8158605098724365 20
1666271057971 1.7254894971847534 21
1666271106839 1.6501015424728394 22
1666271155679 1.4980828762054443 23
1666271204457 1.5389561653137207 24
1666271253234 1.5695405006408691 25
1666271301647 1.5222172737121582 26
1666271350722 1.565683126449585 27
1666271399524 1.4870712757110596 28
1666271448368 1.4494318962097168 29
1666271497169 1.5110728740692139 30
1666271545816 1.5515002012252808 31
1666271594341 1.3984885215759277 32
1666271643139 1.6965762376785278 33
1666271691650 1.528935194015503 34
1666271740556 1.5735574960708618 35
1666271789161 1.4714888334274292 36
1666271837821 1.540234088897705 37
1666271886321 1.4612571001052856 38
1666272007025 1.4181325435638428 39
1666272058172 1.4402642250061035 40
1666272107140 1.5276410579681396 41
1666272155535 1.5376776456832886 42
1666272204446 1.3782572746276855 43
1666272253276 1.4187322854995728 44
1666272301834 1.2439196109771729 45
1666272350852 1.4816536903381348 46
1666272399636 1.4702684879302979 47
1666272448099 1.4270515441894531 48
1666272497050 1.384979009628296 49
1666272545965 1.4701337814331055 50
1666272594761 1.3666024208068848 51
1666272643469 1.3390029668807983 52
1666272692365 1.4052281379699707 53
1666272741143 1.3749136924743652 54
1666272789937 1.4106979370117188 55
1666272838626 1.3564136028289795 56
1666272887489 1.3812406063079834 57
1666272936225 1.2916765213012695 58
1666272985423 1.4016118049621582 59
1666273034647 1.319762110710144 60
1666273083969 1.3904396295547485 61
1666273132752 1.3482788801193237 62
1666273182402 1.4068214893341064 63
1666273231562 1.3590492010116577 64
1666273280334 1.307843565940857 65
1666273329603 1.3284775018692017 66
