1666270037248 17.905057907104492 0
1666270085818 15.339214324951172 1
1666270134086 15.011943817138672 2
1666270182823 14.469953536987305 3
1666270231453 14.734561920166016 4
1666270279817 14.642437934875488 5
1666270328701 14.07880687713623 6
1666270377065 13.255245208740234 7
1666270426137 13.270732879638672 8
1666270474901 12.160099029541016 9
1666270523502 11.687807083129883 10
1666270571822 11.370735168457031 11
1666270620618 10.446582794189453 12
1666270669524 9.766520500183105 13
1666270718275 9.612863540649414 14
1666270766877 9.13006591796875 15
1666270814946 9.077800750732422 16
1666270863506 8.690834045410156 17
1666270912308 8.13178825378418 18
1666270960792 8.303946495056152 19
1666271008939 7.925665855407715 20
1666271057971 7.8162031173706055 21
1666271106839 7.541441917419434 22
1666271155679 7.44865083694458 23
1666271204457 7.384177207946777 24
1666271253234 7.081790924072266 25
1666271301647 7.276050567626953 26
1666271350722 7.156537055969238 27
1666271399524 7.031874656677246 28
1666271448368 7.018713474273682 29
1666271497169 7.001699447631836 30
1666271545816 6.9406914710998535 31
1666271594341 6.906457901000977 32
1666271643139 6.987697601318359 33
1666271691650 6.886868476867676 34
1666271740556 6.9559245109558105 35
1666271789161 6.803721904754639 36
1666271837821 6.832943439483643 37
1666271886321 6.798067092895508 38
1666272007025 6.910209655761719 39
1666272058172 6.869344711303711 40
1666272107140 6.836308479309082 41
1666272155535 6.727352142333984 42
1666272204446 6.732616901397705 43
1666272253276 6.78348445892334 44
1666272301834 6.733835220336914 45
1666272350852 6.906943321228027 46
1666272399636 6.783232688903809 47
1666272448099 6.7561421394348145 48
1666272497050 6.842309951782227 49
1666272545965 6.888339042663574 50
1666272594761 6.8961076736450195 51
1666272643469 6.76815128326416 52
1666272692365 6.835333824157715 53
1666272741143 6.772834777832031 54
1666272789937 6.842145919799805 55
1666272838626 6.743221282958984 56
1666272887489 6.732585906982422 57
1666272936225 6.831751823425293 58
1666272985423 6.751873016357422 59
1666273034647 6.792262077331543 60
1666273083969 6.8203125 61
1666273132752 6.71330451965332 62
1666273182402 6.7357282638549805 63
1666273231562 6.81996488571167 64
1666273280334 6.793203353881836 65
1666273329603 6.741406440734863 66
