1666270037248 0.00035 0
1666270085818 0.00035 1
1666270134086 0.00035 2
1666270182823 0.00035 3
1666270231453 0.00035 4
1666270279817 0.00035 5
1666270328701 0.00035 6
1666270377065 0.00035 7
1666270426137 0.00035 8
1666270474901 0.00035 9
1666270523502 0.00035 10
1666270571822 0.00035 11
1666270620618 0.00035 12
1666270669524 0.00035 13
1666270718275 0.00035 14
1666270766877 0.00035 15
1666270814946 0.00035 16
1666270863506 0.00035 17
1666270912308 0.00035 18
1666270960792 0.00035 19
1666271008939 0.00035 20
1666271057971 0.00035 21
1666271106839 0.00035 22
1666271155679 0.00035 23
1666271204457 0.00035 24
1666271253234 0.00035 25
1666271301647 0.00035 26
1666271350722 0.00035 27
1666271399524 0.00035 28
1666271448368 0.00035 29
1666271497169 0.00035 30
1666271545816 0.00035 31
1666271594341 0.00035 32
1666271643139 0.00035 33
1666271691650 0.00035 34
1666271740556 0.00035 35
1666271789161 0.00035 36
1666271837821 0.00035 37
1666271886321 0.00035 38
1666272007025 0.00035 39
1666272058172 0.00035 40
1666272107140 0.00035 41
1666272155535 0.00035 42
1666272204446 0.00035 43
1666272253276 0.00035 44
1666272301834 0.00035 45
1666272350852 0.00035 46
1666272399636 0.00035 47
1666272448099 0.00035 48
1666272497050 0.00035 49
1666272545965 0.00035 50
1666272594761 0.00035 51
1666272643469 0.00035 52
1666272692365 0.00035 53
1666272741143 0.00035 54
1666272789937 0.00035 55
1666272838626 0.00035 56
1666272887489 0.00035 57
1666272936225 0.00035 58
1666272985423 0.00035 59
1666273034647 0.00035 60
1666273083969 0.00035 61
1666273132752 0.00035 62
1666273182402 0.00035 63
1666273231562 0.00035 64
1666273280334 0.00035 65
1666273329603 0.00035 66
