1666270037248 1.1111240559370046 0
1666270085818 0.37187260658126187 1
1666270134086 0.20985577387180512 2
1666270182823 0.14392201714037697 3
1666270231453 0.11988850743859357 4
1666270279817 0.10411743117951885 5
1666270328701 0.08951820665857693 6
1666270377065 0.08974925652326741 7
1666270426137 0.0979149676364473 8
1666270474901 0.10757134377884404 9
1666270523502 0.08830718192027755 10
1666270571822 0.0801115787579018 11
1666270620618 0.0802112019036786 12
1666270669524 0.0798675915359065 13
1666270718275 0.08230863710424462 14
1666270766877 0.07998418133624279 15
1666270814946 0.07853853173209513 16
1666270863506 0.08568964667111925 17
1666270912308 0.08794080812402845 18
1666270960792 0.07547220654640961 19
1666271008939 0.07874082995452059 20
1666271057971 0.08479205847398383 21
1666271106839 0.08102974824715352 22
1666271155679 0.07482076064202088 23
1666271204457 0.07248098204999297 24
1666271253234 0.08398327621074335 25
1666271301647 0.08361843147159488 26
1666271350722 0.07093234880768878 27
1666271399524 0.0673923064609561 28
1666271448368 0.07385946355633817 29
1666271497169 0.07344875753503158 30
1666271545816 0.07087886507071338 31
1666271594341 0.07131393880411549 32
1666271643139 0.06964870036712714 33
1666271691650 0.06539640074131275 34
1666271740556 0.062181758646995336 35
1666271789161 0.05798509839660607 36
1666271837821 0.07004867816452408 37
1666271886321 0.06556414065032619 38
1666272007025 0.06349524593129574 39
1666272058172 0.0626877954784447 40
1666272107140 0.060594859282704874 41
1666272155535 0.05807567740504158 42
1666272204446 0.06463762914878879 43
1666272253276 0.058546293283345915 44
1666272301834 0.06124371189633091 45
1666272350852 0.057399166635870885 46
1666272399636 0.05498888429488815 47
1666272448099 0.06334138993110697 48
1666272497050 0.062110653961446265 49
1666272545965 0.05892369906549626 50
1666272594761 0.053921114878850755 51
1666272643469 0.061450086371661966 52
1666272692365 0.04988670139855392 53
1666272741143 0.053703945405222026 54
1666272789937 0.0554446778091045 55
1666272838626 0.05789089080207862 56
1666272887489 0.061686373027806406 57
1666272936225 0.05582906873581778 58
1666272985423 0.05420120932969702 59
1666273034647 0.06195787573794285 60
1666273083969 0.05739885860418148 61
1666273132752 0.05918400220518828 62
1666273182402 0.05792116255224975 63
1666273231562 0.047780313773207295 64
1666273280334 0.05509886415098857 65
1666273329603 0.05110366989808958 66
