1666270037248 0.7888779971514635 0
1666270085818 0.21700859328474822 1
1666270134086 0.09005029062169985 2
1666270182823 0.04657592199819279 3
1666270231453 0.028015933996269404 4
1666270279817 0.01861637904247851 5
1666270328701 0.013413456074676993 6
1666270377065 0.01036694594016231 7
1666270426137 0.008283797677399384 8
1666270474901 0.006946899861227811 9
1666270523502 0.005963693601780037 10
1666270571822 0.005186481346507349 11
1666270620618 0.004626218453342812 12
1666270669524 0.0041818946632579115 13
1666270718275 0.003869708867041745 14
1666270766877 0.0035003321216987796 15
1666270814946 0.0032257645797673295 16
1666270863506 0.0029525935327186638 17
1666270912308 0.002723467386593776 18
1666270960792 0.002527147283420437 19
1666271008939 0.002318621192351255 20
1666271057971 0.0021562989520534405 21
1666271106839 0.0020455806954777327 22
1666271155679 0.0019215454931195447 23
1666271204457 0.0017976676041742935 24
1666271253234 0.0017310565849991636 25
1666271301647 0.001665643188588267 26
1666271350722 0.001614941927437909 27
1666271399524 0.0015703820089018085 28
1666271448368 0.0015008849473489723 29
1666271497169 0.0014751914961344719 30
1666271545816 0.0014553019834582883 31
1666271594341 0.0014326730711968815 32
1666271643139 0.0014606382755323632 33
1666271691650 0.0014174842452134297 34
1666271740556 0.0014032943864278585 35
1666271789161 0.0013649713661810317 36
1666271837821 0.0013834472807255365 37
1666271886321 0.0013579452140211553 38
1666272007025 0.0013253805994283923 39
1666272058172 0.001317123404408627 40
1666272107140 0.0013144653491770565 41
1666272155535 0.001288235136792605 42
1666272204446 0.0012994676379594898 43
1666272253276 0.0012814659942685656 44
1666272301834 0.0013016654216835488 45
1666272350852 0.0012931702742892978 46
1666272399636 0.0012662399641393748 47
1666272448099 0.0012677761356258363 48
1666272497050 0.0012691972922344787 49
1666272545965 0.0012727700596211866 50
1666272594761 0.0012411316989224233 51
1666272643469 0.0012570038457856612 52
1666272692365 0.0012318771775049714 53
1666272741143 0.001226166486046694 54
1666272789937 0.0012153890347514147 55
1666272838626 0.0012123586328646064 56
1666272887489 0.0012182716137092956 57
1666272936225 0.001199115366069825 58
1666272985423 0.001224968541716506 59
1666273034647 0.0012157364682496403 60
1666273083969 0.001209132959919623 61
1666273132752 0.0012097273518886084 62
1666273182402 0.0011832481858957164 63
1666273231562 0.0011705866659080465 64
1666273280334 0.0011924085542401389 65
1666273329603 0.0011846608862478808 66
