1666270037248 6.245799341063568 0
1666270085818 5.007793231391445 1
1666270134086 3.699258275817151 2
1666270182823 2.7422536968608986 3
1666270231453 2.212830816573727 4
1666270279817 1.9236302580729523 5
1666270328701 1.7676835778839075 6
1666270377065 1.7045005046137887 7
1666270426137 1.6781011995486015 8
1666270474901 1.6852191816205564 9
1666270523502 1.5795080164103832 10
1666270571822 1.5301187669189231 11
1666270620618 1.5090930421473616 12
1666270669524 1.4992837289681182 13
1666270718275 1.486278189553155 14
1666270766877 1.457797785455003 15
1666270814946 1.4401275540210325 16
1666270863506 1.4474451628703515 17
1666270912308 1.4309300885650782 18
1666270960792 1.4074246886285764 19
1666271008939 1.379049414280549 20
1666271057971 1.3936330008046063 21
1666271106839 1.370955849615272 22
1666271155679 1.3533315949393931 23
1666271204457 1.3449604289006378 24
1666271253234 1.3485221579923468 25
1666271301647 1.3456457405921622 26
1666271350722 1.3146326259714394 27
1666271399524 1.326395309577554 28
1666271448368 1.3210702182016996 29
1666271497169 1.3097973126764737 30
1666271545816 1.3016310076690414 31
1666271594341 1.2984958247652332 32
1666271643139 1.2953523420537068 33
1666271691650 1.2800260975632194 34
1666271740556 1.277631260003651 35
1666271789161 1.2686598681941736 36
1666271837821 1.2886476019053783 37
1666271886321 1.266721231266133 38
1666272007025 1.2806628642301583 39
1666272058172 1.2606277702507038 40
1666272107140 1.258823758753391 41
1666272155535 1.2506372446586664 42
1666272204446 1.2613674076858925 43
1666272253276 1.2476546804783708 44
1666272301834 1.2508206026894706 45
1666272350852 1.25040650713271 46
1666272399636 1.2426669730401212 47
1666272448099 1.2503252661545687 48
1666272497050 1.243126710543886 49
1666272545965 1.2410301666904762 50
1666272594761 1.2299172098931042 51
1666272643469 1.2383271034346943 52
1666272692365 1.224994869266815 53
1666272741143 1.2300594011750117 54
1666272789937 1.229973161768971 55
1666272838626 1.2302983852044722 56
1666272887489 1.2287152680221962 57
1666272936225 1.2217173962201473 58
1666272985423 1.219857475556523 59
1666273034647 1.230836791877287 60
1666273083969 1.2180369899001595 61
1666273132752 1.2229165332369307 62
1666273182402 1.2196314133307784 63
1666273231562 1.2101833655417544 64
1666273280334 1.2210457223711662 65
1666273329603 1.2111865379960065 66
