1666261521062 0.7169160142468946 0
1666261569394 0.11068279894867114 1
1666261617583 0.047968914736847036 2
1666261665908 0.029981556514970923 3
1666261714061 0.022915850995563997 4
1666261762319 0.017959265849332058 5
1666261810976 0.016971001494845 6
1666261859469 0.0180726816785267 7
1666261908140 0.01849135311583624 8
1666261956609 0.016259323686343315 9
1666262004988 0.014835590053602908 10
1666262053172 0.0139793585296449 11
1666262101410 0.013733169183441715 12
1666262149893 0.013665883900858641 13
1666262198498 0.012675812266596058 14
1666262246799 0.014147934946996316 15
1666262295054 0.013739042023736122 16
1666262343510 0.013255195107138082 17
1666262392161 0.01429067476095573 18
1666262440372 0.013728406042927533 19
1666262488558 0.015175380959634407 20
1666262546645 0.01317479863429919 21
1666262596522 0.014907524917063254 22
1666262645684 0.01323254660428794 23
1666262694205 0.012205849662671187 24
1666262742901 0.011837866443680648 25
1666262798716 0.011831332983975647 26
1666262848147 0.013949637926647053 27
1666262896656 0.012168516389141648 28
1666262944937 0.011080724980961756 29
1666262994048 0.011244937385498381 30
1666263043514 0.01196441493783761 31
1666263092494 0.012867925497612835 32
1666263141200 0.011489182409602635 33
1666263189397 0.011573787072795211 34
1666263237888 0.009279331226199505 35
1666263286228 0.009602696122939881 36
1666263334429 0.012249966146361119 37
1666263382637 0.00992394063183224 38
