1666261521062 8.20526123046875 0
1666261569394 6.659182071685791 1
1666261617583 6.04898738861084 2
1666261665908 5.784100532531738 3
1666261714061 5.8019208908081055 4
1666261762319 5.3520612716674805 5
1666261810976 5.481947898864746 6
1666261859469 5.085382461547852 7
1666261908140 4.8563737869262695 8
1666261956609 4.596073150634766 9
1666262004988 4.294295310974121 10
1666262053172 4.281774997711182 11
1666262101410 4.225676536560059 12
1666262149893 3.991604804992676 13
1666262198498 3.9777731895446777 14
1666262246799 3.8226025104522705 15
1666262295054 3.6043753623962402 16
1666262343510 3.624046802520752 17
1666262392161 2.9884467124938965 18
1666262440372 3.082414150238037 19
1666262488558 2.972172975540161 20
1666262546645 3.2771077156066895 21
1666262596522 3.153972864151001 22
1666262645684 3.1736512184143066 23
1666262694205 3.1258997917175293 24
1666262742901 3.116837978363037 25
1666262798716 3.2681703567504883 26
1666262848147 3.3746931552886963 27
1666262896656 2.6259262561798096 28
1666262944937 2.8544654846191406 29
1666262994048 3.3409695625305176 30
1666263043514 3.0508275032043457 31
1666263092494 2.816887855529785 32
1666263141200 3.2422053813934326 33
1666263189397 2.8788933753967285 34
1666263237888 3.181281328201294 35
1666263286228 3.057729721069336 36
1666263334429 2.8994884490966797 37
1666263382637 3.032593011856079 38
