1666261521062 6.394832611083984 0
1666261569394 3.927100658416748 1
1666261617583 3.6300950050354004 2
1666261665908 3.201329231262207 3
1666261714061 3.198446273803711 4
1666261762319 3.0786056518554688 5
1666261810976 3.231135368347168 6
1666261859469 3.0654778480529785 7
1666261908140 2.605361223220825 8
1666261956609 2.703794479370117 9
1666262004988 2.543389320373535 10
1666262053172 2.3141062259674072 11
1666262101410 2.4634335041046143 12
1666262149893 2.1570355892181396 13
1666262198498 2.0631980895996094 14
1666262246799 2.0623297691345215 15
1666262295054 1.9942761659622192 16
1666262343510 1.8312342166900635 17
1666262392161 1.8444554805755615 18
1666262440372 1.822805643081665 19
1666262488558 1.769777774810791 20
1666262546645 1.7684473991394043 21
1666262596522 1.59666109085083 22
1666262645684 1.6016703844070435 23
1666262694205 1.6134346723556519 24
1666262742901 1.6620053052902222 25
1666262798716 1.5594143867492676 26
1666262848147 1.4474235773086548 27
1666262896656 1.5818390846252441 28
1666262944937 1.4254666566848755 29
1666262994048 1.516561508178711 30
1666263043514 1.478420376777649 31
1666263092494 1.4604103565216064 32
1666263141200 1.5843510627746582 33
1666263189397 1.498758316040039 34
1666263237888 1.5976366996765137 35
1666263286228 1.4995675086975098 36
1666263334429 1.472205638885498 37
1666263382637 1.5446014404296875 38
