1666261521062 5.938414096832275 0
1666261569394 2.678011178970337 1
1666261617583 1.885250449180603 2
1666261665908 1.3429746627807617 3
1666261714061 1.3575330972671509 4
1666261762319 1.3657712936401367 5
1666261810976 1.5064482688903809 6
1666261859469 1.3756259679794312 7
1666261908140 1.3402677774429321 8
1666261956609 1.407030463218689 9
1666262004988 1.4260106086730957 10
1666262053172 1.237334966659546 11
1666262101410 1.5431264638900757 12
1666262149893 1.4136682748794556 13
1666262198498 1.2117259502410889 14
1666262246799 1.224683165550232 15
1666262295054 1.3366807699203491 16
1666262343510 1.243334174156189 17
1666262392161 1.4511202573776245 18
1666262440372 1.2900865077972412 19
1666262488558 1.4431129693984985 20
1666262546645 1.280434250831604 21
1666262596522 1.3865861892700195 22
1666262645684 1.265752911567688 23
1666262694205 1.3130803108215332 24
1666262742901 1.3558012247085571 25
1666262798716 1.1672853231430054 26
1666262848147 1.152502179145813 27
1666262896656 1.314969778060913 28
1666262944937 1.2585870027542114 29
1666262994048 1.1594164371490479 30
1666263043514 1.1819154024124146 31
1666263092494 1.179610013961792 32
1666263141200 1.3067710399627686 33
1666263189397 1.1994379758834839 34
1666263237888 1.2398481369018555 35
1666263286228 1.1454815864562988 36
1666263334429 1.265843391418457 37
1666263382637 1.1962393522262573 38
