1666261521062 19.127405166625977 0
1666261569394 15.753652572631836 1
1666261617583 15.06029224395752 2
1666261665908 14.45228385925293 3
1666261714061 14.543426513671875 4
1666261762319 14.543678283691406 5
1666261810976 13.87260627746582 6
1666261859469 13.337385177612305 7
1666261908140 12.671686172485352 8
1666261956609 12.171293258666992 9
1666262004988 11.319416046142578 10
1666262053172 10.968864440917969 11
1666262101410 10.563291549682617 12
1666262149893 9.873993873596191 13
1666262198498 9.670501708984375 14
1666262246799 9.167709350585938 15
1666262295054 8.684057235717773 16
1666262343510 8.583324432373047 17
1666262392161 8.21877670288086 18
1666262440372 8.051265716552734 19
1666262488558 7.767757415771484 20
1666262546645 7.624459266662598 21
1666262596522 7.484559059143066 22
1666262645684 7.429335594177246 23
1666262694205 7.3664350509643555 24
1666262742901 7.25417423248291 25
1666262798716 7.267899513244629 26
1666262848147 7.183116912841797 27
1666262896656 6.977460861206055 28
1666262944937 7.074027061462402 29
1666262994048 7.055273056030273 30
1666263043514 6.962299346923828 31
1666263092494 6.973516464233398 32
1666263141200 7.030126571655273 33
1666263189397 6.922889709472656 34
1666263237888 6.951704025268555 35
1666263286228 6.929818153381348 36
1666263334429 6.800787448883057 37
1666263382637 6.817641258239746 38
