1666261521062 0.00035 0
1666261569394 0.00035 1
1666261617583 0.00035 2
1666261665908 0.00035 3
1666261714061 0.00035 4
1666261762319 0.00035 5
1666261810976 0.00035 6
1666261859469 0.00035 7
1666261908140 0.00035 8
1666261956609 0.00035 9
1666262004988 0.00035 10
1666262053172 0.00035 11
1666262101410 0.00035 12
1666262149893 0.00035 13
1666262198498 0.00035 14
1666262246799 0.00035 15
1666262295054 0.00035 16
1666262343510 0.00035 17
1666262392161 0.00035 18
1666262440372 0.00035 19
1666262488558 0.00035 20
1666262546645 0.00035 21
1666262596522 0.00035 22
1666262645684 0.00035 23
1666262694205 0.00035 24
1666262742901 0.00035 25
1666262798716 0.00035 26
1666262848147 0.00035 27
1666262896656 0.00035 28
1666262944937 0.00035 29
1666262994048 0.00035 30
1666263043514 0.00035 31
1666263092494 0.00035 32
1666263141200 0.00035 33
1666263189397 0.00035 34
1666263237888 0.00035 35
1666263286228 0.00035 36
1666263334429 0.00035 37
1666263382637 0.00035 38
