1666261521062 0.7927439697086811 0
1666261569394 0.21911363222029684 1
1666261617583 0.0902072714853662 2
1666261665908 0.046437218174527305 3
1666261714061 0.027949004198399713 4
1666261762319 0.018600604496896267 5
1666261810976 0.013526718202103426 6
1666261859469 0.01038418016024385 7
1666261908140 0.008458649016948245 8
1666261956609 0.0070396937584000585 9
1666262004988 0.006072257607564945 10
1666262053172 0.005267621731177624 11
1666262101410 0.004748236136533518 12
1666262149893 0.004272276201568868 13
1666262198498 0.003879133327909102 14
1666262246799 0.0035494244935040855 15
1666262295054 0.003226648577106006 16
1666262343510 0.002931523077174099 17
1666262392161 0.002717562240816779 18
1666262440372 0.002493290503303638 19
1666262488558 0.002299005924938789 20
1666262546645 0.0021394556742566433 21
1666262596522 0.002046105335185367 22
1666262645684 0.0018843113175359362 23
1666262694205 0.0018195761009694481 24
1666262742901 0.0017516926558435722 25
1666262798716 0.0016808436056553922 26
1666262848147 0.0016457784762336075 27
1666262896656 0.001593300253863178 28
1666262944937 0.0015499033389013198 29
1666262994048 0.0015100214225025825 30
1666263043514 0.0014733890536607432 31
1666263092494 0.001456789868472379 32
1666263141200 0.0014569428983340648 33
1666263189397 0.0014178720934284945 34
1666263237888 0.0013851768319713758 35
1666263286228 0.0014030065719538862 36
1666263334429 0.0014002333102449414 37
1666263382637 0.001365826939327588 38
