1666261521062 1.0943489979574645 0
1666261569394 0.3714159840749482 1
1666261617583 0.21271990979491726 2
1666261665908 0.14318771066441052 3
1666261714061 0.1108172697423265 4
1666261762319 0.09864815743978318 5
1666261810976 0.09349511000023339 6
1666261859469 0.09529575531525407 7
1666261908140 0.09971921821687245 8
1666261956609 0.08859296132257019 9
1666262004988 0.08256055946118261 10
1666262053172 0.08486555596289125 11
1666262101410 0.08404742885768847 12
1666262149893 0.08287563705186984 13
1666262198498 0.0785086857523895 14
1666262246799 0.08065133047836251 15
1666262295054 0.08320461980853493 16
1666262343510 0.08254006658273849 17
1666262392161 0.08064367862973028 18
1666262440372 0.08066596328597335 19
1666262488558 0.08398730617052722 20
1666262546645 0.07844876412443978 21
1666262596522 0.0874399204607963 22
1666262645684 0.07764902657824727 23
1666262694205 0.07660050937324113 24
1666262742901 0.0756130866913833 25
1666262798716 0.07187647851901106 26
1666262848147 0.08166969059134163 27
1666262896656 0.0753352614006898 28
1666262944937 0.07116940309074832 29
1666262994048 0.07069825245739472 30
1666263043514 0.07236597089784093 31
1666263092494 0.0758868201897995 32
1666263141200 0.07450556505209886 33
1666263189397 0.06969769619017406 34
1666263237888 0.06257782133237502 35
1666263286228 0.0667375892572123 36
1666263334429 0.07193438198815272 37
1666263382637 0.06524149082302685 38
