1666261521062 6.246581256101673 0
1666261569394 5.003663420965827 1
1666261617583 3.6774651522209223 2
1666261665908 2.7293043127958327 3
1666261714061 2.1774069786649064 4
1666261762319 1.9025706837887337 5
1666261810976 1.7781452136813296 6
1666261859469 1.7082104287482347 7
1666261908140 1.6920852597784881 8
1666261956609 1.6577685011757746 9
1666262004988 1.5691367604778808 10
1666262053172 1.5436234207986628 11
1666262101410 1.5264466161012071 12
1666262149893 1.4995718664593167 13
1666262198498 1.482493355942233 14
1666262246799 1.4488536757564312 15
1666262295054 1.4477007957560593 16
1666262343510 1.4251480299292258 17
1666262392161 1.4266544548708937 18
1666262440372 1.4145424438333047 19
1666262488558 1.384644550316542 20
1666262546645 1.3829808033606856 21
1666262596522 1.3766125506824918 22
1666262645684 1.3624280984850898 23
1666262694205 1.3371690621387584 24
1666262742901 1.3484332991570018 25
1666262798716 1.333218043999291 26
1666262848147 1.3245560616110834 27
1666262896656 1.328648856130697 28
1666262944937 1.3120255017107394 29
1666262994048 1.3119523406894675 30
1666263043514 1.299798687974226 31
1666263092494 1.3004044603954241 32
1666263141200 1.2896119618819932 33
1666263189397 1.2855851306753643 34
1666263237888 1.2770457438060216 35
1666263286228 1.285442503543512 36
1666263334429 1.2844868594581642 37
1666263382637 1.2594957930370443 38
