1666263905429 0.7469717323924032 0
1666263961667 0.1156337381414979 1
1666264010007 0.049349812614860024 2
1666264058721 0.028938352095485093 3
1666264106894 0.024032838413712836 4
1666264155487 0.018124776949866993 5
1666264204222 0.016346052428256475 6
1666264252579 0.017407400377960673 7
1666264301525 0.017274375081485237 8
1666264350049 0.016750930102119123 9
1666264398431 0.016246453061523548 10
1666264446670 0.013929713643449856 11
1666264495152 0.015633112245823366 12
1666264543760 0.015647782827165103 13
1666264592555 0.011661525453544326 14
1666264640760 0.01645211376354026 15
1666264688935 0.013310234943844396 16
1666264737153 0.01290664597975601 17
1666264785837 0.012720755556232992 18
1666264834316 0.014349856593044817 19
1666264882732 0.01447453590232011 20
1666264931468 0.013723751245322272 21
1666264980126 0.014717413023381903 22
1666265028624 0.011765857949259056 23
1666265077159 0.011719463567433261 24
1666265125552 0.011946206971028816 25
1666265174001 0.015098599246849665 26
1666265222656 0.012385856860726711 27
1666265271300 0.011244915095417248 28
1666265319584 0.011003668149414565 29
1666265368176 0.010255115616335997 30
1666265416826 0.012780690222675686 31
1666265465223 0.012031288960218448 32
1666265513817 0.0105691935357437 33
1666265562294 0.011483397653899167 34
1666265610905 0.009632330906484953 35
1666265659467 0.008550283192661445 36
1666265707818 0.011162818678501017 37
1666265756006 0.00913389881358491 38
1666265957564 0.00944669530941196 39
1666266008405 0.008950297810931039 40
1666266056997 0.00871577741776663 41
1666266105363 0.010219325715412113 42
1666266154156 0.010307368517157077 43
1666266203086 0.008883896848687465 44
1666266251492 0.00869501190435944 45
1666266300504 0.007778835394599695 46
1666266349179 0.009963672143603353 47
1666266397630 0.009063091277895771 48
1666266446170 0.010042720613495001 49
1666266494969 0.007676972170778807 50
1666266543440 0.00777802114052468 51
1666266591979 0.009574188269589088 52
1666266640805 0.007749313441247253 53
1666266689383 0.008249929381960655 54
1666266737979 0.006973436077465878 55
1666266786611 0.007322964108533273 56
1666266835501 0.008484866110167065 57
1666266883929 0.00890132281501836 58
1666266933084 0.007717737310330372 59
1666266981902 0.009400825473446265 60
1666267030446 0.00951598831308672 61
1666267078831 0.007726683144369692 62
1666267127517 0.006838698748832092 63
1666267176006 0.0077613397403642785 64
1666267224409 0.0061409264148520395 65
1666267273336 0.006554073074428761 66
1666267321962 0.006942538133988849 67
1666267370582 0.006768264736125925 68
1666267419177 0.00654834585999935 69
1666267467861 0.007989949511519698 70
1666267516100 0.007828274112054966 71
1666267564805 0.006611874248701673 72
1666267613268 0.006196469317283932 73
1666267661993 0.007078458318265818 74
1666267710425 0.006638565788369121 75
1666267759211 0.007458772440553431 76
1666267807742 0.006672145796552805 77
1666267856160 0.007476130536516122 78
1666267976889 0.006174177044132143 79
1666268027941 0.007743009647972358 80
1666268076264 0.007089884063233475 81
1666268124800 0.00747896477886753 82
1666268173280 0.007621801054650877 83
1666268222170 0.006240401180249589 84
1666268270986 0.008086871891591815 85
1666268319626 0.006945098381363539 86
1666268368160 0.0064137233724898615 87
1666268416831 0.007088864674332781 88
1666268465563 0.006370879823323969 89
1666268514082 0.007821692073871483 90
1666268562653 0.005927284562550845 91
1666268611513 0.006513769160236282 92
1666268660249 0.007358133565670482 93
1666268708725 0.005388747873664191 94
1666268757291 0.00787043294950544 95
1666268806173 0.006671096540195642 96
1666268854653 0.006882523763789536 97
1666268903287 0.007268829587234616 98
1666268951988 0.005292031277234939 99
1666269000345 0.006363868605138026 100
1666269048986 0.006991344377258906 101
1666269097444 0.006827930920814996 102
1666269146016 0.005766079869187836 103
1666269194748 0.006668108034558757 104
1666269243289 0.005998610671650231 105
1666269292277 0.006689677598710725 106
1666269341130 0.005572170041645495 107
1666269389981 0.006399714286722567 108
1666269438769 0.00557406498276705 109
1666269487318 0.005922177709202656 110
1666269536062 0.006684855931407011 111
1666269584484 0.00602005652296323 112
1666269633130 0.006281792638331796 113
1666269681871 0.004697747613116197 114
1666269730444 0.005162070692487548 115
1666269778959 0.007138701459081713 116
1666269827806 0.006632445059101847 117
1666269876181 0.005828474859087683 118
1666269924928 0.005171565479344122 119
