1666263905429 5.446050643920898 0
1666263961667 2.9453651905059814 1
1666264010007 1.6756315231323242 2
1666264058721 1.5101734399795532 3
1666264106894 1.3119900226593018 4
1666264155487 1.4759210348129272 5
1666264204222 1.4899259805679321 6
1666264252579 1.2590354681015015 7
1666264301525 1.7909702062606812 8
1666264350049 1.5401843786239624 9
1666264398431 1.3712135553359985 10
1666264446670 1.5405988693237305 11
1666264495152 1.261560082435608 12
1666264543760 1.2723565101623535 13
1666264592555 1.2266324758529663 14
1666264640760 1.326072335243225 15
1666264688935 1.2232722043991089 16
1666264737153 1.3004541397094727 17
1666264785837 1.4073699712753296 18
1666264834316 1.2444519996643066 19
1666264882732 1.261662483215332 20
1666264931468 1.229355812072754 21
1666264980126 1.181801676750183 22
1666265028624 1.2526631355285645 23
1666265077159 1.1952179670333862 24
1666265125552 1.2053295373916626 25
1666265174001 1.2654072046279907 26
1666265222656 1.2689259052276611 27
1666265271300 1.1582305431365967 28
1666265319584 1.3540124893188477 29
1666265368176 1.2754186391830444 30
1666265416826 1.1920627355575562 31
1666265465223 1.2207750082015991 32
1666265513817 1.1950170993804932 33
1666265562294 1.3184454441070557 34
1666265610905 1.205320119857788 35
1666265659467 1.1119955778121948 36
1666265707818 1.2999451160430908 37
1666265756006 1.15324068069458 38
1666265957564 1.1757458448410034 39
1666266008405 1.1539722681045532 40
1666266056997 1.1839429140090942 41
1666266105363 1.131339192390442 42
1666266154156 1.183884859085083 43
1666266203086 1.2033613920211792 44
1666266251492 1.1323344707489014 45
1666266300504 1.1632654666900635 46
1666266349179 1.221251368522644 47
1666266397630 1.4238704442977905 48
1666266446170 1.3367843627929688 49
1666266494969 1.1563104391098022 50
1666266543440 1.191640853881836 51
1666266591979 1.1187317371368408 52
1666266640805 1.1326216459274292 53
1666266689383 1.3353227376937866 54
1666266737979 1.202894926071167 55
1666266786611 1.2112749814987183 56
1666266835501 1.1179041862487793 57
1666266883929 1.2662111520767212 58
1666266933084 1.1440492868423462 59
1666266981902 1.1277023553848267 60
1666267030446 1.120474934577942 61
1666267078831 1.1656298637390137 62
1666267127517 1.4396774768829346 63
1666267176006 1.1575218439102173 64
1666267224409 1.2697618007659912 65
1666267273336 1.1898616552352905 66
1666267321962 1.1037098169326782 67
1666267370582 1.1168524026870728 68
1666267419177 1.126009225845337 69
1666267467861 1.1301052570343018 70
1666267516100 1.1922038793563843 71
1666267564805 1.1249549388885498 72
1666267613268 1.156498908996582 73
1666267661993 1.166806697845459 74
1666267710425 1.2371636629104614 75
1666267759211 1.1213725805282593 76
1666267807742 1.1811347007751465 77
1666267856160 1.137500524520874 78
1666267976889 1.102170705795288 79
1666268027941 1.138282060623169 80
1666268076264 1.3122117519378662 81
1666268124800 1.1756010055541992 82
1666268173280 1.1340720653533936 83
1666268222170 1.1131057739257812 84
1666268270986 1.2203607559204102 85
1666268319626 1.1403266191482544 86
1666268368160 1.1398762464523315 87
1666268416831 1.0967835187911987 88
1666268465563 1.130953311920166 89
1666268514082 1.1088345050811768 90
1666268562653 1.1292895078659058 91
1666268611513 1.1628992557525635 92
1666268660249 1.0937649011611938 93
1666268708725 1.1282709836959839 94
1666268757291 1.1192435026168823 95
1666268806173 1.1509639024734497 96
1666268854653 1.158218264579773 97
1666268903287 1.1249040365219116 98
1666268951988 1.1337922811508179 99
1666269000345 1.1356031894683838 100
1666269048986 1.148494005203247 101
1666269097444 1.14218270778656 102
1666269146016 1.108944296836853 103
1666269194748 1.136819839477539 104
1666269243289 1.1023484468460083 105
1666269292277 1.1897376775741577 106
1666269341130 1.2131435871124268 107
1666269389981 1.1155840158462524 108
1666269438769 1.137972354888916 109
1666269487318 1.1535429954528809 110
1666269536062 1.1546274423599243 111
1666269584484 1.1088829040527344 112
1666269633130 1.0906975269317627 113
1666269681871 1.1387838125228882 114
1666269730444 1.1599845886230469 115
1666269778959 1.1206837892532349 116
1666269827806 1.1545137166976929 117
1666269876181 1.10853910446167 118
1666269924928 1.1017603874206543 119
