1666263905429 8.428081512451172 0
1666263961667 6.780766010284424 1
1666264010007 5.96217155456543 2
1666264058721 5.700700283050537 3
1666264106894 6.224247932434082 4
1666264155487 4.898527145385742 5
1666264204222 5.690818786621094 6
1666264252579 5.372758865356445 7
1666264301525 4.470492839813232 8
1666264350049 4.371260643005371 9
1666264398431 4.696824073791504 10
1666264446670 3.8085713386535645 11
1666264495152 3.9763083457946777 12
1666264543760 3.5117626190185547 13
1666264592555 3.8680129051208496 14
1666264640760 3.773672580718994 15
1666264688935 3.5074877738952637 16
1666264737153 3.6071629524230957 17
1666264785837 3.2966530323028564 18
1666264834316 3.1452083587646484 19
1666264882732 2.9804697036743164 20
1666264931468 3.120037078857422 21
1666264980126 3.214468479156494 22
1666265028624 3.1801671981811523 23
1666265077159 3.052208423614502 24
1666265125552 3.160465717315674 25
1666265174001 3.1493868827819824 26
1666265222656 3.095766067504883 27
1666265271300 2.8952763080596924 28
1666265319584 3.039278507232666 29
1666265368176 3.2671871185302734 30
1666265416826 3.088289260864258 31
1666265465223 2.8077151775360107 32
1666265513817 3.178638219833374 33
1666265562294 3.078798532485962 34
1666265610905 3.0491342544555664 35
1666265659467 3.183889150619507 36
1666265707818 2.867753267288208 37
1666265756006 3.231379508972168 38
1666265957564 3.0173561573028564 39
1666266008405 2.98049259185791 40
1666266056997 3.0888924598693848 41
1666266105363 3.0150833129882812 42
1666266154156 3.1655256748199463 43
1666266203086 2.878358840942383 44
1666266251492 2.9281816482543945 45
1666266300504 2.794412851333618 46
1666266349179 2.8776397705078125 47
1666266397630 2.918173313140869 48
1666266446170 2.7065649032592773 49
1666266494969 3.2437796592712402 50
1666266543440 3.1283249855041504 51
1666266591979 3.053943157196045 52
1666266640805 3.1232504844665527 53
1666266689383 2.567383289337158 54
1666266737979 2.837106704711914 55
1666266786611 2.625248432159424 56
1666266835501 2.9746222496032715 57
1666266883929 2.824216365814209 58
1666266933084 2.9740562438964844 59
1666266981902 3.072214365005493 60
1666267030446 3.064396381378174 61
1666267078831 2.6485774517059326 62
1666267127517 2.4047205448150635 63
1666267176006 3.1982486248016357 64
1666267224409 2.9964733123779297 65
1666267273336 2.9615516662597656 66
1666267321962 3.0709400177001953 67
1666267370582 3.088693618774414 68
1666267419177 2.9117965698242188 69
1666267467861 3.231421709060669 70
1666267516100 3.08349609375 71
1666267564805 3.022484302520752 72
1666267613268 3.066659450531006 73
1666267661993 2.954765796661377 74
1666267710425 2.977827548980713 75
1666267759211 3.369643449783325 76
1666267807742 2.808387279510498 77
1666267856160 2.9467029571533203 78
1666267976889 3.191011428833008 79
1666268027941 2.8016185760498047 80
1666268076264 2.797696590423584 81
1666268124800 2.9482438564300537 82
1666268173280 2.7250239849090576 83
1666268222170 2.967780590057373 84
1666268270986 2.8319458961486816 85
1666268319626 3.0632362365722656 86
1666268368160 3.103238105773926 87
1666268416831 3.156794309616089 88
1666268465563 2.9347333908081055 89
1666268514082 3.2569031715393066 90
1666268562653 3.0094974040985107 91
1666268611513 3.0805130004882812 92
1666268660249 3.0569891929626465 93
1666268708725 3.165747880935669 94
1666268757291 3.065356731414795 95
1666268806173 3.1245312690734863 96
1666268854653 3.045328378677368 97
1666268903287 2.8656327724456787 98
1666268951988 3.119100332260132 99
1666269000345 2.953890323638916 100
1666269048986 2.9833273887634277 101
1666269097444 2.9964802265167236 102
1666269146016 2.9530673027038574 103
1666269194748 2.7013139724731445 104
1666269243289 3.234097957611084 105
1666269292277 2.788085460662842 106
1666269341130 2.9253616333007812 107
1666269389981 3.1078133583068848 108
1666269438769 3.0206551551818848 109
1666269487318 3.2040586471557617 110
1666269536062 3.213348388671875 111
1666269584484 3.2979252338409424 112
1666269633130 3.081761360168457 113
1666269681871 2.764941930770874 114
1666269730444 3.129700183868408 115
1666269778959 3.0197644233703613 116
1666269827806 2.9994544982910156 117
1666269876181 3.0619654655456543 118
1666269924928 2.9635632038116455 119
