1666263905429 6.259429931640625 0
1666263961667 4.268581390380859 1
1666264010007 3.404759168624878 2
1666264058721 3.4306302070617676 3
1666264106894 3.1415858268737793 4
1666264155487 3.0144238471984863 5
1666264204222 3.168534278869629 6
1666264252579 2.946936845779419 7
1666264301525 2.866395950317383 8
1666264350049 2.5715343952178955 9
1666264398431 2.5025036334991455 10
1666264446670 2.539957284927368 11
1666264495152 2.15159273147583 12
1666264543760 1.9713356494903564 13
1666264592555 2.1301159858703613 14
1666264640760 1.9458503723144531 15
1666264688935 1.8125406503677368 16
1666264737153 1.905661702156067 17
1666264785837 1.8463094234466553 18
1666264834316 1.6413521766662598 19
1666264882732 1.646975040435791 20
1666264931468 1.5960332155227661 21
1666264980126 1.5910950899124146 22
1666265028624 1.6926541328430176 23
1666265077159 1.5541205406188965 24
1666265125552 1.5581872463226318 25
1666265174001 1.5968644618988037 26
1666265222656 1.5306477546691895 27
1666265271300 1.5457847118377686 28
1666265319584 1.5143048763275146 29
1666265368176 1.592974305152893 30
1666265416826 1.4190630912780762 31
1666265465223 1.4893670082092285 32
1666265513817 1.4422876834869385 33
1666265562294 1.5312473773956299 34
1666265610905 1.4925743341445923 35
1666265659467 1.4156091213226318 36
1666265707818 1.3645832538604736 37
1666265756006 1.4030907154083252 38
1666265957564 1.4475476741790771 39
1666266008405 1.4041192531585693 40
1666266056997 1.3984339237213135 41
1666266105363 1.37772798538208 42
1666266154156 1.4403390884399414 43
1666266203086 1.3386011123657227 44
1666266251492 1.3719956874847412 45
1666266300504 1.3844811916351318 46
1666266349179 1.4215662479400635 47
1666266397630 1.4551993608474731 48
1666266446170 1.418448567390442 49
1666266494969 1.3396393060684204 50
1666266543440 1.5110321044921875 51
1666266591979 1.34210205078125 52
1666266640805 1.3607432842254639 53
1666266689383 1.277134656906128 54
1666266737979 1.444635272026062 55
1666266786611 1.4468958377838135 56
1666266835501 1.2934778928756714 57
1666266883929 1.3315361738204956 58
1666266933084 1.3030908107757568 59
1666266981902 1.240863561630249 60
1666267030446 1.4258739948272705 61
1666267078831 1.3834705352783203 62
1666267127517 1.4561182260513306 63
1666267176006 1.4344213008880615 64
1666267224409 1.418942928314209 65
1666267273336 1.4129854440689087 66
1666267321962 1.378408670425415 67
1666267370582 1.2777736186981201 68
1666267419177 1.3470109701156616 69
1666267467861 1.3412275314331055 70
1666267516100 1.3172848224639893 71
1666267564805 1.3427579402923584 72
1666267613268 1.2979834079742432 73
1666267661993 1.4344253540039062 74
1666267710425 1.4537394046783447 75
1666267759211 1.2300636768341064 76
1666267807742 1.3861076831817627 77
1666267856160 1.2711073160171509 78
1666267976889 1.1866812705993652 79
1666268027941 1.3144837617874146 80
1666268076264 1.373053789138794 81
1666268124800 1.34263014793396 82
1666268173280 1.2219593524932861 83
1666268222170 1.3110811710357666 84
1666268270986 1.421640157699585 85
1666268319626 1.3118395805358887 86
1666268368160 1.4346296787261963 87
1666268416831 1.2299295663833618 88
1666268465563 1.2806018590927124 89
1666268514082 1.3285143375396729 90
1666268562653 1.342996597290039 91
1666268611513 1.3482279777526855 92
1666268660249 1.2343053817749023 93
1666268708725 1.2025495767593384 94
1666268757291 1.2642238140106201 95
1666268806173 1.2863013744354248 96
1666268854653 1.3972363471984863 97
1666268903287 1.4025347232818604 98
1666268951988 1.3607683181762695 99
1666269000345 1.2847083806991577 100
1666269048986 1.2650799751281738 101
1666269097444 1.4032127857208252 102
1666269146016 1.1996996402740479 103
1666269194748 1.3345078229904175 104
1666269243289 1.2660417556762695 105
1666269292277 1.4044010639190674 106
1666269341130 1.281394124031067 107
1666269389981 1.2938636541366577 108
1666269438769 1.318467378616333 109
1666269487318 1.2935843467712402 110
1666269536062 1.2959222793579102 111
1666269584484 1.306423306465149 112
1666269633130 1.2872614860534668 113
1666269681871 1.27715265750885 114
1666269730444 1.3315668106079102 115
1666269778959 1.3179595470428467 116
1666269827806 1.263638973236084 117
1666269876181 1.2542719841003418 118
1666269924928 1.1423561573028564 119
