1666263905429 19.116558074951172 0
1666263961667 16.108226776123047 1
1666264010007 14.867448806762695 2
1666264058721 14.772960662841797 3
1666264106894 15.225646018981934 4
1666264155487 14.261570930480957 5
1666264204222 14.569867134094238 6
1666264252579 13.668959617614746 7
1666264301525 12.446145057678223 8
1666264350049 12.22562026977539 9
1666264398431 11.776885032653809 10
1666264446670 10.599141120910645 11
1666264495152 10.42120361328125 12
1666264543760 9.499338150024414 13
1666264592555 9.572954177856445 14
1666264640760 9.066671371459961 15
1666264688935 8.763442993164062 16
1666264737153 8.494707107543945 17
1666264785837 8.223344802856445 18
1666264834316 8.066435813903809 19
1666264882732 7.651294231414795 20
1666264931468 7.621481895446777 21
1666264980126 7.630832195281982 22
1666265028624 7.370598793029785 23
1666265077159 7.256867408752441 24
1666265125552 7.2348456382751465 25
1666265174001 7.257172584533691 26
1666265222656 7.006302833557129 27
1666265271300 6.948537826538086 28
1666265319584 7.007293701171875 29
1666265368176 6.937265872955322 30
1666265416826 6.970726013183594 31
1666265465223 6.776320457458496 32
1666265513817 6.849660873413086 33
1666265562294 6.844366073608398 34
1666265610905 6.837649822235107 35
1666265659467 6.8409528732299805 36
1666265707818 6.810146331787109 37
1666265756006 6.799991607666016 38
1666265957564 6.845258712768555 39
1666266008405 6.767794132232666 40
1666266056997 6.759832382202148 41
1666266105363 6.718807220458984 42
1666266154156 6.785798072814941 43
1666266203086 6.722087860107422 44
1666266251492 6.695887565612793 45
1666266300504 6.685157775878906 46
1666266349179 6.6434526443481445 47
1666266397630 6.748033046722412 48
1666266446170 6.696813583374023 49
1666266494969 6.815114498138428 50
1666266543440 6.71091365814209 51
1666266591979 6.687810897827148 52
1666266640805 6.746939182281494 53
1666266689383 6.687253475189209 54
1666266737979 6.699723243713379 55
1666266786611 6.740710258483887 56
1666266835501 6.700664043426514 57
1666266883929 6.771897315979004 58
1666266933084 6.741770267486572 59
1666266981902 6.829686164855957 60
1666267030446 6.757905006408691 61
1666267078831 6.713935375213623 62
1666267127517 6.729998588562012 63
1666267176006 6.853201389312744 64
1666267224409 6.712457180023193 65
1666267273336 6.7506866455078125 66
1666267321962 6.763599872589111 67
1666267370582 6.812635898590088 68
1666267419177 6.753223896026611 69
1666267467861 6.775695323944092 70
1666267516100 6.757452487945557 71
1666267564805 6.749294281005859 72
1666267613268 6.706537246704102 73
1666267661993 6.779956817626953 74
1666267710425 6.750117301940918 75
1666267759211 6.734800815582275 76
1666267807742 6.708617210388184 77
1666267856160 6.731625556945801 78
1666267976889 6.799201965332031 79
1666268027941 6.7065229415893555 80
1666268076264 6.780882835388184 81
1666268124800 6.825984954833984 82
1666268173280 6.7320122718811035 83
1666268222170 6.829514980316162 84
1666268270986 6.736003398895264 85
1666268319626 6.798105716705322 86
1666268368160 6.80262565612793 87
1666268416831 6.791076183319092 88
1666268465563 6.7613372802734375 89
1666268514082 6.8270649909973145 90
1666268562653 6.771337985992432 91
1666268611513 6.686100006103516 92
1666268660249 6.8096184730529785 93
1666268708725 6.803693771362305 94
1666268757291 6.878945350646973 95
1666268806173 6.7884039878845215 96
1666268854653 6.811263084411621 97
1666268903287 6.701743125915527 98
1666268951988 6.800471782684326 99
1666269000345 6.729602813720703 100
1666269048986 6.769368648529053 101
1666269097444 6.742742538452148 102
1666269146016 6.72636604309082 103
1666269194748 6.778940200805664 104
1666269243289 6.80924129486084 105
1666269292277 6.68958854675293 106
1666269341130 6.729506492614746 107
1666269389981 6.836907386779785 108
1666269438769 6.862394332885742 109
1666269487318 6.794290542602539 110
1666269536062 6.798329830169678 111
1666269584484 6.867234230041504 112
1666269633130 6.855714797973633 113
1666269681871 6.783254623413086 114
1666269730444 6.835424423217773 115
1666269778959 6.7578349113464355 116
1666269827806 6.776224136352539 117
1666269876181 6.841987133026123 118
1666269924928 6.802721977233887 119
