1666263905429 0.00035 0
1666263961667 0.00035 1
1666264010007 0.00035 2
1666264058721 0.00035 3
1666264106894 0.00035 4
1666264155487 0.00035 5
1666264204222 0.00035 6
1666264252579 0.00035 7
1666264301525 0.00035 8
1666264350049 0.00035 9
1666264398431 0.00035 10
1666264446670 0.00035 11
1666264495152 0.00035 12
1666264543760 0.00035 13
1666264592555 0.00035 14
1666264640760 0.00035 15
1666264688935 0.00035 16
1666264737153 0.00035 17
1666264785837 0.00035 18
1666264834316 0.00035 19
1666264882732 0.00035 20
1666264931468 0.00035 21
1666264980126 0.00035 22
1666265028624 0.00035 23
1666265077159 0.00035 24
1666265125552 0.00035 25
1666265174001 0.00035 26
1666265222656 0.00035 27
1666265271300 0.00035 28
1666265319584 0.00035 29
1666265368176 0.00035 30
1666265416826 0.00035 31
1666265465223 0.00035 32
1666265513817 0.00035 33
1666265562294 0.00035 34
1666265610905 0.00035 35
1666265659467 0.00035 36
1666265707818 0.00035 37
1666265756006 0.00035 38
1666265957564 0.00035 39
1666266008405 0.00035 40
1666266056997 0.00035 41
1666266105363 0.00035 42
1666266154156 0.00035 43
1666266203086 0.00035 44
1666266251492 0.00035 45
1666266300504 0.00035 46
1666266349179 0.00035 47
1666266397630 0.00035 48
1666266446170 0.00035 49
1666266494969 0.00035 50
1666266543440 0.00035 51
1666266591979 0.00035 52
1666266640805 0.00035 53
1666266689383 0.00035 54
1666266737979 0.00035 55
1666266786611 0.00035 56
1666266835501 0.00035 57
1666266883929 0.00035 58
1666266933084 0.00035 59
1666266981902 0.00035 60
1666267030446 0.00035 61
1666267078831 0.00035 62
1666267127517 0.00035 63
1666267176006 0.00035 64
1666267224409 0.00035 65
1666267273336 0.00035 66
1666267321962 0.00035 67
1666267370582 0.00035 68
1666267419177 0.00035 69
1666267467861 0.00035 70
1666267516100 0.00035 71
1666267564805 0.00035 72
1666267613268 0.00035 73
1666267661993 0.00035 74
1666267710425 0.00035 75
1666267759211 0.00035 76
1666267807742 0.00035 77
1666267856160 0.00035 78
1666267976889 0.00035 79
1666268027941 0.00035 80
1666268076264 0.00035 81
1666268124800 0.00035 82
1666268173280 0.00035 83
1666268222170 0.00035 84
1666268270986 0.00035 85
1666268319626 0.00035 86
1666268368160 0.00035 87
1666268416831 0.00035 88
1666268465563 0.00035 89
1666268514082 0.00035 90
1666268562653 0.00035 91
1666268611513 0.00035 92
1666268660249 0.00035 93
1666268708725 0.00035 94
1666268757291 0.00035 95
1666268806173 0.00035 96
1666268854653 0.00035 97
1666268903287 0.00035 98
1666268951988 0.00035 99
1666269000345 0.00035 100
1666269048986 0.00035 101
1666269097444 0.00035 102
1666269146016 0.00035 103
1666269194748 0.00035 104
1666269243289 0.00035 105
1666269292277 0.00035 106
1666269341130 0.00035 107
1666269389981 0.00035 108
1666269438769 0.00035 109
1666269487318 0.00035 110
1666269536062 0.00035 111
1666269584484 0.00035 112
1666269633130 0.00035 113
1666269681871 0.00035 114
1666269730444 0.00035 115
1666269778959 0.00035 116
1666269827806 0.00035 117
1666269876181 0.00035 118
1666269924928 0.00035 119
