1666263905429 0.7932023371115399 0
1666263961667 0.22089107148574788 1
1666264010007 0.09032156185718303 2
1666264058721 0.046861746754488294 3
1666264106894 0.02807964911440852 4
1666264155487 0.018571816486268152 5
1666264204222 0.013432428223863424 6
1666264252579 0.010393056223624483 7
1666264301525 0.008303124710112126 8
1666264350049 0.007013643513645095 9
1666264398431 0.006025100371560751 10
1666264446670 0.005301118012883891 11
1666264495152 0.004587064348341622 12
1666264543760 0.004168050938987753 13
1666264592555 0.0037947389688612757 14
1666264640760 0.0034943416124377444 15
1666264688935 0.0031929713353251814 16
1666264737153 0.0029131261780473757 17
1666264785837 0.0027404872327930234 18
1666264834316 0.002492791145714452 19
1666264882732 0.002323180485123461 20
1666264931468 0.002154158843357278 21
1666264980126 0.0020238488363124576 22
1666265028624 0.0018853515345526742 23
1666265077159 0.0017879126705093982 24
1666265125552 0.0017271326444975436 25
1666265174001 0.0016740490276519813 26
1666265222656 0.0016052794855330949 27
1666265271300 0.0015606644217231588 28
1666265319584 0.0015143501985543035 29
1666265368176 0.0015020711554922434 30
1666265416826 0.0014617964161957786 31
1666265465223 0.0014338579706427216 32
1666265513817 0.0014127020937780743 33
1666265562294 0.0014194698646872081 34
1666265610905 0.0013750847682726657 35
1666265659467 0.0013513180757613434 36
1666265707818 0.0013539722331718188 37
1666265756006 0.0013296715098600473 38
1666265957564 0.0013286605002087953 39
1666266008405 0.0013068402098654148 40
1666266056997 0.0013031862077436277 41
1666266105363 0.001289803143500488 42
1666266154156 0.0012880565209431206 43
1666266203086 0.0012762372499809896 44
1666266251492 0.0012842346736529873 45
1666266300504 0.0012653790552681987 46
1666266349179 0.0012482082207414342 47
1666266397630 0.0012440462760203326 48
1666266446170 0.001267760055947257 49
1666266494969 0.0012419782131842837 50
1666266543440 0.0012290971150698442 51
1666266591979 0.0012433384829843483 52
1666266640805 0.0012370110407683627 53
1666266689383 0.0012312992890286497 54
1666266737979 0.001243083042258365 55
1666266786611 0.0012257635741681763 56
1666266835501 0.0012237708846889975 57
1666266883929 0.0012149913249152671 58
1666266933084 0.0012217042358951217 59
1666266981902 0.0012420471289183899 60
1666267030446 0.0012153236837561534 61
1666267078831 0.001214503530485073 62
1666267127517 0.001218481515455487 63
1666267176006 0.0012017406960632834 64
1666267224409 0.0011853957322688357 65
1666267273336 0.0011900150327344879 66
1666267321962 0.0011839386724455255 67
1666267370582 0.0011907260245497334 68
1666267419177 0.0011730996207424084 69
1666267467861 0.0011703011153613107 70
1666267516100 0.0011666858461392327 71
1666267564805 0.0011591016523231083 72
1666267613268 0.0011515990674797868 73
1666267661993 0.0011460329242474591 74
1666267710425 0.0011511558444705988 75
1666267759211 0.0011388429095811135 76
1666267807742 0.0011565174225825763 77
1666267856160 0.0011680670743289495 78
1666267976889 0.0011542768143771383 79
1666268027941 0.001144395250016395 80
1666268076264 0.0011432099753097783 81
1666268124800 0.0011578439080920837 82
1666268173280 0.0011499827977418718 83
1666268222170 0.0011547556494819315 84
1666268270986 0.001136732591678285 85
1666268319626 0.001121505139005294 86
1666268368160 0.0011195295674789356 87
1666268416831 0.001117050803659016 88
1666268465563 0.0011028529571960927 89
1666268514082 0.0011296196475710522 90
1666268562653 0.0011169389255821778 91
1666268611513 0.0011219216249422012 92
1666268660249 0.0011181345685826083 93
1666268708725 0.0011152774934120224 94
1666268757291 0.0011206550046420469 95
1666268806173 0.0011225037999700862 96
1666268854653 0.0011372789324793433 97
1666268903287 0.0011215352148300185 98
1666268951988 0.0011201384046045076 99
1666269000345 0.0011186206698661205 100
1666269048986 0.001116639282752181 101
1666269097444 0.0011035656905167925 102
1666269146016 0.001084698163723848 103
1666269194748 0.001114578608544115 104
1666269243289 0.0011058468284247753 105
1666269292277 0.0011100015338118849 106
1666269341130 0.0010896044982100076 107
1666269389981 0.0010982913949025193 108
1666269438769 0.0010893248558125417 109
1666269487318 0.001105964830559161 110
1666269536062 0.0011050399312139871 111
1666269584484 0.0010919930695524533 112
1666269633130 0.0010977631789117997 113
1666269681871 0.0010855978383845029 114
1666269730444 0.0010943045600353498 115
1666269778959 0.001090431528123091 116
1666269827806 0.001081866583474957 117
1666269876181 0.0010861472839272571 118
1666269924928 0.001085883479443611 119
