1666263905429 6.251690271395992 0
1666263961667 5.015668280188166 1
1666264010007 3.6943387480105385 2
1666264058721 2.739610747438698 3
1666264106894 2.1892663494438005 4
1666264155487 1.8918936062090044 5
1666264204222 1.7740559693398834 6
1666264252579 1.7238083748782806 7
1666264301525 1.6785165304722993 8
1666264350049 1.6746080252859328 9
1666264398431 1.5791944748568303 10
1666264446670 1.5413609699716846 11
1666264495152 1.5115651053897405 12
1666264543760 1.5005945966439547 13
1666264592555 1.468266739649473 14
1666264640760 1.4692052646274985 15
1666264688935 1.4458112725376213 16
1666264737153 1.420810354855454 17
1666264785837 1.4149058491496715 18
1666264834316 1.412701909981885 19
1666264882732 1.385043294684401 20
1666264931468 1.3771696643552918 21
1666264980126 1.379630016243976 22
1666265028624 1.3495474241781926 23
1666265077159 1.3499462616068398 24
1666265125552 1.3527067345510673 25
1666265174001 1.3505910167393904 26
1666265222656 1.3183975501912804 27
1666265271300 1.3213000343729162 28
1666265319584 1.3171707873771612 29
1666265368176 1.3105305300497836 30
1666265416826 1.2943518705738402 31
1666265465223 1.3052271471440213 32
1666265513817 1.2890809122067097 33
1666265562294 1.2913188564863967 34
1666265610905 1.2854849033725175 35
1666265659467 1.2675960430510107 36
1666265707818 1.2769330117887663 37
1666265756006 1.2589062275817093 38
1666265957564 1.2783713796814187 39
1666266008405 1.2605232101375774 40
1666266056997 1.2577667230555278 41
1666266105363 1.2670634387480433 42
1666266154156 1.253479730391848 43
1666266203086 1.2541941222497972 44
1666266251492 1.2484555703387132 45
1666266300504 1.24609222849786 46
1666266349179 1.2497773254177473 47
1666266397630 1.2418366953478022 48
1666266446170 1.2484580980982758 49
1666266494969 1.2374146261076997 50
1666266543440 1.2339713342541931 51
1666266591979 1.2367398072097262 52
1666266640805 1.2262687039433033 53
1666266689383 1.235462187854776 54
1666266737979 1.23177069440015 55
1666266786611 1.2229841404907928 56
1666266835501 1.2236280519029368 57
1666266883929 1.2327901922562272 58
1666266933084 1.221451187133789 59
1666266981902 1.2228681087493896 60
1666267030446 1.2276501300548526 61
1666267078831 1.221374333049137 62
1666267127517 1.211870721572839 63
1666267176006 1.2138727078738722 64
1666267224409 1.2167792140858844 65
1666267273336 1.2059515680091968 66
1666267321962 1.2067885375829135 67
1666267370582 1.2175944585731064 68
1666267419177 1.2129189017890156 69
1666267467861 1.2137746106625757 70
1666267516100 1.2083334365710796 71
1666267564805 1.203953284616909 72
1666267613268 1.2016170365469796 73
1666267661993 1.2058414942415805 74
1666267710425 1.2050701356684612 75
1666267759211 1.2043968562918586 76
1666267807742 1.205114800285026 77
1666267856160 1.2110718713834268 78
1666267976889 1.2033967146284643 79
1666268027941 1.2072616244055168 80
1666268076264 1.2018472132324884 81
1666268124800 1.2016608077157784 82
1666268173280 1.1972567778234042 83
1666268222170 1.1969966511219596 84
1666268270986 1.1952327982239102 85
1666268319626 1.1960124897496136 86
1666268368160 1.2022577941705639 87
1666268416831 1.1991069650880382 88
1666268465563 1.192833415552038 89
1666268514082 1.1944274815960207 90
1666268562653 1.1968709737206427 91
1666268611513 1.19398741244118 92
1666268660249 1.1951345182271396 93
1666268708725 1.198403923332547 94
1666268757291 1.2004262526445182 95
1666268806173 1.1904538365953787 96
1666268854653 1.1929993866142292 97
1666268903287 1.190339221792706 98
1666268951988 1.1893459520963434 99
1666269000345 1.1866461996882072 100
1666269048986 1.192319194668705 101
1666269097444 1.193578622873547 102
1666269146016 1.1823235704015589 103
1666269194748 1.1946451144414723 104
1666269243289 1.1909233455796506 105
1666269292277 1.194799414291474 106
1666269341130 1.1823827149211497 107
1666269389981 1.1841931386270386 108
1666269438769 1.18660451075881 109
1666269487318 1.188791408918906 110
1666269536062 1.1950165160036317 111
1666269584484 1.1884066036769323 112
1666269633130 1.1898018115946514 113
1666269681871 1.179756489850707 114
1666269730444 1.1824982252882987 115
1666269778959 1.185555377826275 116
1666269827806 1.184886891865036 117
1666269876181 1.1828383294124047 118
1666269924928 1.1830207984037606 119
