1666263905429 1.1058508797328253 0
1666263961667 0.3789544610112689 1
1666264010007 0.21172296322575493 2
1666264058721 0.143256730278549 3
1666264106894 0.11569331252026274 4
1666264155487 0.09768613252888003 5
1666264204222 0.0965667284808638 6
1666264252579 0.09604281440521556 7
1666264301525 0.09518524450204978 8
1666264350049 0.09457803740737519 9
1666264398431 0.08922745492671011 10
1666264446670 0.07847531689150096 11
1666264495152 0.08588400335202205 12
1666264543760 0.08399058155859439 13
1666264592555 0.07369923373855254 14
1666264640760 0.08513879746996283 15
1666264688935 0.08041526358619949 16
1666264737153 0.07691132850284932 17
1666264785837 0.07977963623209669 18
1666264834316 0.0850365548801509 19
1666264882732 0.08182784603022546 20
1666264931468 0.07913127715208969 21
1666264980126 0.08680534928785143 22
1666265028624 0.07278583978037327 23
1666265077159 0.07460905238084008 24
1666265125552 0.07749215794443073 25
1666265174001 0.0846146027451566 26
1666265222656 0.07448409558026399 27
1666265271300 0.07525887803036999 28
1666265319584 0.06883297901212736 29
1666265368176 0.06731001000409409 30
1666265416826 0.07342409069007895 31
1666265465223 0.0724679030912015 32
1666265513817 0.06649599179679631 33
1666265562294 0.07050353089306892 34
1666265610905 0.06144058761202683 35
1666265659467 0.05748375680282956 36
1666265707818 0.06669682043704014 37
1666265756006 0.06231025864089866 38
1666265957564 0.06480561335938678 39
1666266008405 0.05917415385005982 40
1666266056997 0.06258284604993196 41
1666266105363 0.06275742495608387 42
1666266154156 0.0636643804339827 43
1666266203086 0.06265320962624168 44
1666266251492 0.05753002636423267 45
1666266300504 0.05568686600972489 46
1666266349179 0.060622436371034344 47
1666266397630 0.05850710425769446 48
1666266446170 0.06537866570305187 49
1666266494969 0.05638956378668475 50
1666266543440 0.05445439225067238 51
1666266591979 0.061999759332391886 52
1666266640805 0.05327794693193915 53
1666266689383 0.05785054927150613 54
1666266737979 0.05625055970276816 55
1666266786611 0.05394197062794435 56
1666266835501 0.058194963829501886 57
1666266883929 0.05991511441461274 58
1666266933084 0.05390051649995597 59
1666266981902 0.06216958061040166 60
1666267030446 0.060366598420187864 61
1666267078831 0.05612099322222047 62
1666267127517 0.05174336603118314 63
1666267176006 0.053304341269060244 64
1666267224409 0.04841690774536827 65
1666267273336 0.04777631803487702 66
1666267321962 0.05142906603317906 67
1666267370582 0.05157201601291336 68
1666267419177 0.049592013182883386 69
1666267467861 0.05479646270269343 70
1666267516100 0.053364768110161546 71
1666267564805 0.04876801771163652 72
1666267613268 0.04654385786972597 73
1666267661993 0.04974956593090628 74
1666267710425 0.04975093133323634 75
1666267759211 0.05129684928516691 76
1666267807742 0.05049075890593411 77
1666267856160 0.05301840302870399 78
1666267976889 0.047567381593455124 79
1666268027941 0.05321080998470217 80
1666268076264 0.051763372806399234 81
1666268124800 0.053856500061386724 82
1666268173280 0.05224164081489347 83
1666268222170 0.047902941933252674 84
1666268270986 0.05136244550149366 85
1666268319626 0.04807559122299947 86
1666268368160 0.047180979342789246 87
1666268416831 0.04738410973498499 88
1666268465563 0.04704802569478822 89
1666268514082 0.051161081273702606 90
1666268562653 0.047642692370151264 91
1666268611513 0.04727924107641414 92
1666268660249 0.047784057409831 93
1666268708725 0.04492044583251632 94
1666268757291 0.05309965514936473 95
1666268806173 0.046897767386106765 96
1666268854653 0.04955548892749279 97
1666268903287 0.04790181265783115 98
1666268951988 0.04305729457147907 99
1666269000345 0.0471794180950876 100
1666269048986 0.050007759412587845 101
1666269097444 0.046634709841155815 102
1666269146016 0.04138779433243446 103
1666269194748 0.049038659587285996 104
1666269243289 0.045086277680376825 105
1666269292277 0.04934583381740691 106
1666269341130 0.04259503173196445 107
1666269389981 0.04578191892284414 108
1666269438769 0.04462906037196337 109
1666269487318 0.0452111924605912 110
1666269536062 0.048927772052334124 111
1666269584484 0.044307901882555234 112
1666269633130 0.04457002529168623 113
1666269681871 0.03953123449169767 114
1666269730444 0.03953837404212493 115
1666269778959 0.049053390968148994 116
1666269827806 0.04587785734171138 117
1666269876181 0.04559923210904653 118
1666269924928 0.041788683884008165 119
